Id,Name,Position,Team,Salary,Projected,Scored,Override,last_5,last_3,last_1,std,b2b,Games played in last 5 days,Home
163520,Karl-Anthony Towns,PF/C,MIN,9400,45.98,40.25,0,37.5,37.5,34.5,11.17,0.0,2.0,1.0
163521,LaMarcus Aldridge,PF/C,SA,7400,37.53,53.25,0,23.25,22.0,0.0,13.53,0.0,2.0,0.0
163522,Julius Randle,PF/C,LAL,6600,36.23,44.25,0,31.75,36.75,40.75,14.38,0.0,1.0,1.0
163523,Serge Ibaka,PF/C,ORL,6400,36.78,32.0,0,25.75,25.75,28.75,10.37,0.0,1.0,0.0
163524,Gorgui Dieng,PF/C,MIN,5500,28.19,29.75,0,38.25,40.0,38.25,8.69,0.0,2.0,1.0
163525,Mike Muscala,PF/C,ATL,3500,15.15,8.75,0,20.0,26.0,13.75,6.86,0.0,2.0,1.0
163526,Meyers Leonard,PF/C,POR,3100,10.93,2.5,0,2.75,2.75,6.75,9.25,0.0,2.0,0.0
163527,Kyle Lowry,PG,TOR,8800,47.45,63.75,0,44.0,29.75,50.75,8.63,0.0,2.0,0.0
163528,Damian Lillard,PG,POR,8000,0.0,0.0,0,48.25,59.25,60.25,18.17,0.0,2.0,0.0
163529,Jeff Teague,PG,IND,7100,41.83,31.75,0,20.0,20.0,20.0,11.0,0.0,1.0,1.0
163530,Goran Dragic,PG,MIA,6900,0.0,0.0,0,32.25,34.0,38.75,17.92,0.0,2.0,1.0
163531,Dennis Schroder,PG,ATL,6300,31.95,35.5,0,28.75,28.75,28.75,9.58,0.0,2.0,1.0
163532,Ricky Rubio,PG,MIN,5800,32.05,14.0,0,0.0,19.25,19.25,11.64,0.0,2.0,1.0
163533,Reggie Jackson,PG,DET,5800,29.58,37.0,0,0.0,0.0,0.0,14.05,0.0,2.0,0.0
163534,Elfrid Payton,PG,ORL,5800,30.99,16.75,0,30.5,30.5,24.5,11.74,0.0,1.0,0.0
163535,Tyler Johnson,PG,MIA,5400,30.98,25.75,0,22.0,20.0,16.0,10.31,0.0,2.0,1.0
163536,D'Angelo Russell,PG,LAL,5400,28.96,45.5,0,28.25,28.25,38.25,16.1,0.0,1.0,1.0
163537,Tony Parker,PG,SA,4600,26.43,34.75,0,9.0,9.0,12.5,11.02,0.0,2.0,0.0
163538,Patty Mills,PG,SA,3800,17.62,10.0,0,26.75,19.5,19.5,8.09,0.0,2.0,0.0
163539,Cory Joseph,PG,TOR,3600,18.38,20.25,0,13.5,15.5,17.25,7.49,0.0,2.0,0.0
163540,D.J. Augustin,PG,ORL,3400,15.41,11.5,0,10.0,9.5,22.5,6.13,0.0,1.0,0.0
163541,Ish Smith,PG,DET,3300,14.13,10.0,0,22.0,22.0,22.0,9.09,0.0,2.0,0.0
163542,Malcolm Delaney,PG,ATL,3000,7.64,13.5,0,13.75,15.5,15.5,5.43,0.0,2.0,1.0
163543,Bryn Forbes,PG,SA,3000,0.0,0.0,0,0.0,0.0,0.0,1.73,0.0,2.0,0.0
163544,Dejounte Murray,PG,SA,3000,4.04,0.0,0,0.0,0.0,0.0,3.61,0.0,2.0,0.0
163545,John Lucas III,PG,MIN,3000,0.0,0.0,0,0.0,0.0,0.0,0.0,0.0,2.0,1.0
163546,Shabazz Napier,PG,POR,3000,10.92,5.25,0,0.0,0.0,0.0,5.81,0.0,2.0,0.0
163547,Kris Dunn,PG,MIN,3000,10.69,28.25,0,12.5,12.5,11.25,7.64,0.0,2.0,1.0
163548,Tim Quarterman,PG,POR,3000,3.41,0.0,0,0.0,0.0,0.0,1.97,0.0,2.0,0.0
163549,Tyus Jones,PG,MIN,3000,1.5,0.0,0,8.0,0.0,0.0,8.68,0.0,2.0,1.0
163550,Beno Udrih,PG,DET,3000,0.0,0.0,0,14.5,16.25,16.25,8.18,0.0,2.0,0.0
163551,C.J. Watson,PG,ORL,3000,9.97,18.0,0,0.0,0.0,0.0,5.6,0.0,1.0,0.0
163552,Aaron Brooks,PG,IND,3000,11.69,22.5,0,0.0,0.0,0.0,7.46,0.0,1.0,1.0
163553,Jose Calderon,PG,LAL,3000,0.0,0.0,0,0.0,0.0,-0.5,7.68,0.0,1.0,1.0
163554,Marcelo Huertas,PG,LAL,3000,2.11,0.0,0,0.0,6.5,0.0,6.86,0.0,1.0,1.0
163555,Fred VanVleet,PG,TOR,3000,0.0,0.0,0,0.0,0.0,0.0,3.56,0.0,2.0,0.0
163556,Delon Wright,PG,TOR,3000,0.0,0.0,0,0.0,0.0,0.0,0.0,0.0,2.0,0.0
163557,DeMar DeRozan,SG,TOR,8500,44.11,40.25,0,45.5,45.5,42.25,8.32,0.0,2.0,0.0
163558,Zach LaVine,SG,MIN,6300,32.41,20.25,0,31.25,32.25,31.25,10.63,0.0,2.0,1.0
163559,Kentavious Caldwell-Pope,SG,DET,5400,28.99,43.0,0,12.0,12.0,36.5,11.48,0.0,2.0,0.0
163560,Lou Williams,SG,LAL,5200,25.25,10.5,0,27.5,21.5,12.25,10.33,0.0,1.0,1.0
163561,Dion Waiters,SG,MIA,4800,0.0,0.0,0,18.0,22.0,18.0,15.42,0.0,2.0,1.0
163562,Jodie Meeks,SG,ORL,4600,20.32,18.75,0,0.0,0.0,0.0,9.53,0.0,1.0,0.0
163563,Nick Young,SG,LAL,4200,23.56,35.0,0,24.0,16.25,25.75,11.88,0.0,1.0,1.0
163564,Manu Ginobili,SG,SA,4000,22.94,22.25,0,17.25,16.0,16.0,9.4,0.0,2.0,0.0
163565,Danny Green,SG,SA,3900,19.58,22.5,0,0.0,0.0,0.0,9.95,0.0,2.0,0.0
163566,Kyle Korver,SG,ATL,3700,20.47,36.0,0,16.25,20.5,20.5,9.22,0.0,2.0,1.0
163567,Monta Ellis,SG,IND,3700,8.88,19.0,0,19.25,21.5,10.5,12.53,0.0,1.0,1.0
163568,Kyle Anderson,SG,SA,3300,5.39,2.25,0,10.5,19.25,7.25,8.02,0.0,2.0,0.0
163569,Brandon Rush,SG,MIN,3000,0.0,0.0,0,3.5,3.5,6.75,2.92,0.0,2.0,1.0
163570,Rodney McGruder,SG,MIA,3000,11.68,16.0,0,7.25,13.25,0.0,8.08,0.0,2.0,1.0
163571,Darrun Hilliard,SG,DET,3000,1.06,0.0,0,0.0,0.0,0.0,5.04,0.0,2.0,0.0
163572,C.J. Wilcox,SG,ORL,3000,3.44,5.5,0,1.5,1.5,1.5,2.44,0.0,1.0,0.0
163573,Joe Young,SG,IND,3000,0.0,0.0,0,10.5,10.5,19.0,5.62,0.0,1.0,1.0
163574,Mario Hezonja,SG,ORL,3000,4.32,7.5,0,13.75,9.75,9.0,6.05,0.0,1.0,0.0
163575,Hassan Whiteside,C,MIA,8400,0.0,0.0,0,46.0,46.0,58.25,14.96,0.0,2.0,1.0
163576,Dwight Howard,C,ATL,7200,40.06,17.25,0,41.0,41.75,41.75,16.42,0.0,2.0,1.0
163577,Andre Drummond,C,DET,6800,38.69,55.5,0,43.5,43.5,61.75,13.04,0.0,2.0,0.0
163578,Myles Turner,C,IND,6300,34.34,48.0,0,33.5,33.75,33.5,11.09,0.0,1.0,1.0
163579,Pau Gasol,C,SA,6200,30.38,35.25,0,19.0,26.5,44.25,11.85,0.0,2.0,0.0
163580,Nikola Vucevic,C,ORL,6100,32.44,40.25,0,30.5,30.5,23.25,14.26,0.0,1.0,0.0
163581,Mason Plumlee,C,POR,5700,29.26,33.5,0,24.0,24.0,24.0,9.84,0.0,2.0,0.0
163582,Jonas Valanciunas,C,TOR,5100,24.55,30.5,0,25.75,33.25,25.75,10.86,0.0,2.0,0.0
163583,Bismack Biyombo,C,ORL,4200,23.18,17.5,0,14.75,7.25,14.75,8.3,0.0,1.0,0.0
163584,Aron Baynes,C,DET,3700,10.21,6.5,0,11.75,14.75,14.75,6.35,0.0,2.0,0.0
163585,Lucas Nogueira,C,TOR,3700,16.42,12.0,0,0.0,0.0,0.0,10.24,0.0,2.0,0.0
163586,Dewayne Dedmon,C,SA,3600,13.37,2.0,0,18.5,20.5,20.5,8.66,0.0,2.0,0.0
163587,Cole Aldrich,C,MIN,3600,4.04,11.5,0,10.5,10.5,5.75,7.8,0.0,2.0,1.0
163588,Willie Reed,C,MIA,3600,22.08,11.5,0,10.25,10.25,9.0,7.4,0.0,2.0,1.0
163589,Timofey Mozgov,C,LAL,3400,15.08,13.25,0,22.5,22.5,16.25,7.37,0.0,1.0,1.0
163590,Al Jefferson,C,IND,3300,14.42,18.75,0,16.0,12.75,12.75,7.08,0.0,1.0,1.0
163591,Kris Humphries,C,ATL,3100,13.11,4.5,0,7.25,9.25,9.25,8.18,0.0,2.0,1.0
163592,Tiago Splitter,C,ATL,3000,0.0,0.0,0,0.0,0.0,0.0,0.0,0.0,2.0,1.0
163593,Festus Ezeli,C,POR,3000,0.0,0.0,0,0.0,0.0,0.0,0.0,0.0,2.0,0.0
163594,Nikola Pekovic,C,MIN,3000,0.0,0.0,0,0.0,0.0,0.0,0.0,0.0,2.0,1.0
163595,Ed Davis,C,POR,3000,6.24,2.0,0,5.75,9.5,9.5,7.84,0.0,2.0,0.0
163596,Udonis Haslem,C,MIA,3000,0.6,14.5,0,0.0,0.0,0.0,3.0,0.0,2.0,1.0
163597,Boban Marjanovic,C,DET,3000,1.43,0.0,0,2.0,2.0,0.0,3.84,0.0,2.0,0.0
163598,Kevin Seraphin,C,IND,3000,5.26,13.0,0,1.25,1.25,22.0,7.4,0.0,1.0,1.0
163599,Tarik Black,C,LAL,3000,0.0,20.25,0,10.5,10.5,6.5,8.19,0.0,1.0,1.0
163600,Jared Sullinger,C,TOR,3000,0.0,0.0,0,0.0,0.0,0.0,0.0,0.0,2.0,0.0
163601,Jakob Poeltl,C,TOR,3000,0.0,6.5,0,11.25,11.25,11.25,5.26,0.0,2.0,0.0
163602,C.J. McCollum,PG/SG,POR,8300,36.58,61.75,0,33.5,33.5,53.5,11.29,0.0,2.0,0.0
163603,Jordan Clarkson,PG/SG,LAL,4500,21.54,4.25,0,26.75,25.25,25.25,8.58,0.0,1.0,1.0
163604,Rodney Stuckey,PG/SG,IND,3200,0.0,0.0,0,0.0,2.75,0.0,10.29,0.0,1.0,1.0
163605,Kawhi Leonard,SF,SA,8200,40.63,25.0,0,51.25,41.0,41.0,13.25,0.0,2.0,0.0
163606,Andrew Wiggins,SF,MIN,6800,34.09,31.75,0,35.25,35.25,31.25,11.14,0.0,2.0,1.0
163607,Luol Deng,SF,LAL,5300,25.89,8.75,0,16.75,16.75,10.5,9.48,0.0,1.0,1.0
163608,Maurice Harkless,SF,POR,4700,20.23,23.75,0,17.0,11.25,11.25,8.57,0.0,2.0,0.0
163609,Marcus Morris,SF,DET,4400,21.58,14.25,0,26.75,31.5,21.25,8.9,0.0,2.0,0.0
163610,Thabo Sefolosha,SF,ATL,3800,20.65,11.0,0,23.0,23.0,23.0,9.52,0.0,2.0,1.0
163611,C.J. Miles,SF,IND,3800,16.05,11.0,0,23.0,19.75,19.75,10.4,0.0,1.0,1.0
163612,Wayne Ellington,SF,MIA,3500,20.03,29.5,0,0.0,0.0,0.0,11.36,0.0,2.0,1.0
163613,Brandon Ingram,SF,LAL,3300,13.38,12.75,0,15.5,12.75,19.75,6.65,0.0,1.0,1.0
163614,Ryan Kelly,SF,ATL,3000,1.13,0.0,0,0.0,0.0,0.0,2.61,0.0,2.0,1.0
163615,Taurean Prince,SF,ATL,3000,2.5,0.0,0,3.0,3.0,0.0,6.21,0.0,2.0,1.0
163616,DeAndre' Bembry,SF,ATL,3000,0.0,0.0,0,0.0,3.25,0.0,3.53,0.0,2.0,1.0
163617,Pat Connaughton,SF,POR,3000,2.32,0.0,0,0.0,0.0,0.0,2.63,0.0,2.0,0.0
163618,Derrick Williams,SF,MIA,3000,4.82,21.0,0,0.0,0.0,0.0,7.75,0.0,2.0,1.0
163619,Reggie Bullock,SF,DET,3000,0.0,0.0,0,0.0,0.0,0.0,3.13,0.0,2.0,0.0
163620,Michael Gbinije,SF,DET,3000,0.33,0.0,0,0.0,1.5,0.0,0.73,0.0,2.0,0.0
163621,Damjan Rudez,SF,ORL,3000,0.0,0.0,0,0.0,0.0,0.0,4.2,0.0,1.0,0.0
163622,Metta World Peace,SF,LAL,3000,0.7,0.0,0,0.0,0.0,2.0,2.61,0.0,1.0,1.0
163623,Bruno Caboclo,SF,TOR,3000,0.0,0.0,0,0.0,0.0,0.0,1.6,0.0,2.0,0.0
163624,Paul George,SF/PF,IND,7800,41.28,30.75,0,40.75,40.75,28.25,17.16,0.0,1.0,1.0
163625,Tobias Harris,SF/PF,DET,6000,31.85,33.75,0,29.75,29.75,29.75,9.07,0.0,2.0,0.0
163626,Justise Winslow,SF/PF,MIA,5500,0.0,0.0,0,26.25,32.25,32.25,14.67,0.0,2.0,1.0
163627,James Johnson,SF/PF,MIA,5300,29.65,37.75,0,19.75,10.0,6.0,12.04,0.0,2.0,1.0
163628,Aaron Gordon,SF/PF,ORL,4700,20.12,26.0,0,29.75,29.75,24.25,8.48,0.0,1.0,0.0
163629,DeMarre Carroll,SF/PF,TOR,3800,16.64,6.5,0,15.5,21.25,15.5,10.38,0.0,2.0,0.0
163630,Larry Nance Jr.,SF/PF,LAL,3500,0.0,0.0,0,7.5,9.25,7.5,10.83,0.0,1.0,1.0
163631,Jeff Green,SF/PF,ORL,3200,9.55,23.5,0,12.75,17.0,30.5,8.34,0.0,1.0,0.0
163632,Nemanja Bjelica,SF/PF,MIN,3100,13.0,11.0,0,8.5,6.25,8.5,9.82,0.0,2.0,1.0
163633,Davis Bertans,SF/PF,SA,3000,0.94,0.0,0,6.75,10.25,10.25,6.02,0.0,2.0,0.0
163634,Paul Millsap,PF,ATL,7000,33.91,56.75,0,44.25,48.25,50.0,15.65,0.0,2.0,1.0
163635,Thaddeus Young,PF,IND,5600,29.24,18.75,0,24.25,24.75,24.25,9.29,0.0,1.0,1.0
163636,Jon Leuer,PF,DET,4900,25.24,9.75,0,24.0,22.25,13.25,8.15,0.0,2.0,0.0
163637,Al-Farouq Aminu,PF,POR,4400,19.19,18.0,0,15.0,18.0,29.5,11.27,0.0,2.0,0.0
163638,Patrick Patterson,PF,TOR,3900,0.0,0.0,0,25.75,19.5,28.25,8.31,0.0,2.0,0.0
163639,David Lee,PF,SA,3700,14.68,15.75,0,19.5,23.75,23.75,6.42,0.0,2.0,0.0
163640,Thomas Robinson,PF,LAL,3200,16.74,27.75,0,0.0,0.0,0.0,9.16,0.0,1.0,1.0
163641,Mike Scott,PF,ATL,3000,6.02,0.0,0,0.0,0.0,0.0,4.44,0.0,2.0,1.0
163642,Jordan Hill,PF,MIN,3000,2.34,0.0,0,0.0,0.0,0.0,2.48,0.0,2.0,1.0
163643,Adreian Payne,PF,MIN,3000,2.31,0.0,0,0.0,0.0,0.0,5.32,0.0,2.0,1.0
163644,Jake Layman,PF,POR,3000,0.0,0.0,0,0.0,0.0,0.0,5.02,0.0,2.0,0.0
163645,Noah Vonleh,PF,POR,3000,8.67,1.25,0,14.75,5.5,5.0,6.28,0.0,2.0,0.0
163646,Chris Bosh,PF,MIA,3000,0.0,0.0,0,0.0,0.0,0.0,0.0,0.0,2.0,1.0
163647,Josh McRoberts,PF,MIA,3000,0.0,0.0,0,0.0,0.0,0.0,8.13,0.0,2.0,1.0
163648,Luke Babbitt,PF,MIA,3000,11.91,12.75,0,13.25,13.25,19.25,6.11,0.0,2.0,1.0
163649,Henry Ellenson,PF,DET,3000,0.0,0.0,0,0.0,2.5,0.0,1.59,0.0,2.0,0.0
163650,Arinze Onuaku,PF,ORL,3000,0.0,4.25,0,0.0,0.0,0.0,1.02,0.0,1.0,0.0
163651,Lavoy Allen,PF,IND,3000,1.81,3.0,0,6.25,6.25,6.25,4.33,0.0,1.0,1.0
163652,Rakeem Christmas,PF,IND,3000,0.0,0.0,0,0.0,0.0,2.75,1.34,0.0,1.0,1.0
163653,Georges Niang,PF,IND,3000,0.0,0.0,0,1.25,1.25,7.0,2.19,0.0,1.0,1.0
163654,Stephen Zimmerman Jr.,PF,ORL,3000,3.84,0.0,0,0.0,0.0,0.0,2.34,0.0,1.0,0.0
163655,Pascal Siakam,PF,TOR,3000,9.61,22.5,0,13.0,8.75,7.0,6.72,0.0,2.0,0.0
163656,Evan Fournier,SG/SF,ORL,6000,0.0,0.0,0,19.75,31.5,31.5,12.38,0.0,1.0,0.0
163657,Josh Richardson,SG/SF,MIA,5700,31.04,31.25,0,0.0,0.0,0.0,13.25,0.0,2.0,1.0
163658,Evan Turner,SG/SF,POR,4900,21.63,26.75,0,17.25,17.25,17.25,9.27,0.0,2.0,0.0
163659,Norman Powell,SG/SF,TOR,4400,7.52,6.0,0,3.25,1.25,3.25,10.52,0.0,2.0,0.0
163660,Allen Crabbe,SG/SF,POR,4200,16.92,23.0,0,17.25,23.75,23.75,6.88,0.0,2.0,0.0
163661,Kent Bazemore,SG/SF,ATL,4000,18.86,15.0,0,18.75,16.5,23.5,10.54,0.0,2.0,1.0
163662,Jonathon Simmons,SG/SF,SA,3900,15.76,10.25,0,18.25,13.0,13.0,7.3,0.0,2.0,0.0
163663,Terrence Ross,SG/SF,TOR,3800,17.71,18.25,0,12.0,12.0,12.0,8.87,0.0,2.0,0.0
163664,Glenn Robinson III,SG/SF,IND,3600,18.19,20.5,0,9.5,9.5,14.25,9.55,0.0,1.0,1.0
163665,Tim Hardaway Jr.,SG/SF,ATL,3300,4.45,39.25,0,14.75,14.75,7.0,10.12,0.0,2.0,1.0
163666,Shabazz Muhammad,SG/SF,MIN,3100,15.2,21.5,0,11.75,11.75,11.75,6.61,0.0,2.0,1.0
163667,Stanley Johnson,SG/SF,DET,3000,11.6,5.25,0,8.75,8.75,10.0,7.17,0.0,2.0,0.0
